I. 1 processo


a) 524288 elementos (2**19)
    Processes: 4
    Process 0 --- [1,2,3,4,11,13,14,16,17,22,24,26,27,28,32,33,34,34,38,39,42,42,42,44,47,48,48,51,52,52,54,56,59,61,64,68,68,71,72,73,73,75,76,77,80,81,81,82,84,84,85,86,89,93,94,96,99,99,102,102,104,105,107,107,108,114,118,122,126,126,136,141,142,142,144,146,146,150,151,152,154,156,160,160,162,163,163,163,164,168,168,168,169,170,170,172,177,178,181,183]

    Processo 0 --- Time Elapsed (Sec): 0.074109

	
b) 1048576 elementos (2**20)
    Processes: 4
    Process 0 --- [1,2,3,4,4,6,7,8,9,9,12,12,14,15,16,18,18,18,20,20,21,22,23,24,24,27,27,28,30,34,36,36,38,40,40,44,45,46,48,50,50,52,57,57,58,60,60,60,65,66,68,69,72,76,78,80,80,83,88,88,91,92,96,97,100,100,102,104,108,108,109,110,111,112,113,114,114,114,116,130,130,134,136,142,147,148,150,150,150,152,153,155,155,156,156,158,163,165,166,167]

    Processo 0 --- Time Elapsed (Sec): 0.121335


c) 2097152 elementos (2**21)
    Processes: 4
    Process 0 --- [4,7,8,12,12,13,13,14,16,16,19,19,21,23,24,26,26,28,29,32,33,33,36,38,38,38,38,39,39,40,43,45,46,46,48,48,52,52,57,57,58,61,64,65,66,66,67,69,70,70,72,76,76,76,76,76,78,80,80,80,80,81,84,86,87,89,90,92,92,92,97,99,99,99,102,110,114,114,115,116,118,120,122,129,129,130,131,132,132,132,134,135,138,140,140,141,144,149,152,152]

    Processo 0 --- Time Elapsed (Sec): 0.248160


d) 500000 elementos
    Processes: 4
    Process 0 --- [5,6,10,12,12,13,14,15,17,18,20,21,23,24,24,24,26,28,34,36,39,41,42,42,43,46,47,48,48,51,51,52,55,56,63,66,68,69,70,72,74,82,82,84,86,89,89,92,94,96,97,100,102,103,104,106,108,110,112,112,119,121,123,123,129,129,131,132,133,140,141,147,147,148,153,159,164,164,165,166,167,168,170,171,172,173,173,175,176,178,178,183,185,188,189,192,194,194,195,198]

    Processo 0 --- Time Elapsed (Sec): 0.076424


e) 1000000 elementos
    Processes: 4
    Process 0 --- [2,3,4,6,6,7,8,8,9,12,14,14,14,15,16,17,19,21,24,24,27,28,28,28,29,30,30,32,34,38,38,42,42,45,47,48,51,54,54,56,56,57,58,60,60,60,68,70,72,76,76,79,81,82,87,88,90,91,93,94,95,96,100,100,102,107,107,108,108,112,114,114,116,116,119,120,120,140,140,141,142,145,150,150,152,158,162,164,167,168,168,170,170,174,176,180,180,182,183,186]

    Processo 0 --- Time Elapsed (Sec): 0.130389


f) 1500000 elementos
    Processes: 4
    Process 0 --- [2,4,6,8,12,16,16,21,22,24,24,24,25,26,26,31,31,32,32,36,37,42,44,44,46,48,48,48,48,48,50,52,52,55,55,62,62,63,64,64,66,68,69,70,70,71,72,72,73,74,75,76,78,78,82,84,88,88,92,92,93,93,95,96,96,100,104,104,110,110,111,114,116,117,124,124,128,129,130,132,132,133,136,137,138,138,140,140,141,142,145,146,148,149,152,152,164,165,165,165]

    Processo 0 --- Time Elapsed (Sec): 0.178077


================================================================================================

II. 2 processos


a) 524288 elementos (2**19)
    Processes: 2
    Process 0 --- [0,0,0,0,6,12,12,13,16,17,21,22,23,24,25,26,28,28,29,31,32,34,34,34,39,40,42,42,42,43,44,45,46,50,50,52,53,56,56,57,58,62,63,63,63,67,67,68,68,68,69,70,75,75,76,77,78,80,80,80,82,83,84,84,86,88,90,90,94,100,100,101,102,103,104,104,105,106,107,107,112,112,114,114,115,117,120,121,126,126,126,127,127,128,129,131,132,134,134,135]

    Processo 0 --- Time Elapsed (Sec): 0.070930

	
b) 1048576 elementos (2**20)
    Processes: 2
    Process 0 --- [1,2,2,4,4,4,4,5,6,8,8,8,8,9,10,11,12,16,17,17,18,18,19,20,22,22,22,24,25,25,27,29,30,34,34,36,38,39,40,43,43,44,44,44,46,47,47,48,50,50,52,54,54,55,58,58,59,60,61,62,65,66,67,69,69,73,76,77,78,79,80,81,82,83,86,86,86,88,89,90,90,91,91,92,92,94,94,95,97,98,99,100,102,102,103,103,103,104,108,110]

    Processo 0 --- Time Elapsed (Sec): 0.143247


c) 2097152 elementos (2**21)
    Time Elapsed (Sec): 0.280354


d) 500000 elementos
    Processes: 2
    Process 0 --- [2,2,4,4,4,5,6,7,8,8,8,8,9,10,12,14,16,16,16,18,18,19,19,21,23,24,24,25,29,33,34,35,36,36,38,38,38,40,40,42,42,43,44,46,46,48,48,49,49,50,51,55,58,60,62,63,66,68,68,69,70,70,72,73,74,76,76,78,80,80,80,81,83,84,85,85,86,88,91,92,92,92,94,95,98,98,100,102,103,106,110,110,112,113,114,120,121,121,122,122]

    Processo 0 --- Time Elapsed (Sec): 0.067362


e) 1000000 elementos
    Processes: 2
    Process 0 --- [0,0,1,2,2,4,4,5,7,8,9,10,10,11,11,11,14,15,16,17,18,20,22,22,22,22,22,24,27,29,30,32,34,37,38,42,44,44,44,48,48,48,50,51,54,56,58,59,62,64,73,73,74,76,76,78,79,79,80,81,82,82,84,84,88,88,92,92,96,96,98,100,100,100,101,102,104,105,111,112,112,118,119,124,128,136,137,139,142,143,144,146,146,149,152,152,155,156,156,158]

    Processo 0 --- Time Elapsed (Sec): 0.139157


f) 1500000 elementos
    Processes: 2
    Process 0 --- [1,1,2,2,4,6,7,7,8,10,12,12,14,14,14,15,16,18,20,22,24,24,25,28,28,30,32,33,34,36,37,37,40,44,45,45,46,46,48,50,52,53,54,56,56,59,59,63,64,65,66,68,69,72,72,74,74,74,76,76,79,80,80,81,85,85,85,89,90,90,90,90,92,92,96,96,97,98,99,104,105,106,107,108,109,109,112,113,116,116,117,117,118,118,118,118,119,120,120,121]

    Processo 0 --- Time Elapsed (Sec): 0.211588


================================================================================================

III. 4 processos


a) 524288 elementos (2**19)
    Processes: 4
    Process 0 --- [0,0,0,0,5,8,10,15,16,20,20,24,29,32,35,37,37,40,43,46,46,46,57,58,60,64,66,69,70,73,74,74,79,80,85,86,87,87,92,92,92,104,105,105,106,110,111,111,114,114,116,128,129,130,132,132,132,133,137,138,138,138,138,140,141,146,147,148,148,148,153,155,158,162,166,167,170,171,172,172,173,174,180,184,184,184,185,189,192,198,207,207,208,209,210,212,215,219,220,222]

    Processo 0 --- Time Elapsed (Sec): 0.091469

	
b) 1048576 elementos (2**20)
    Processes: 4
    Process 0 --- [1,2,3,3,4,6,9,9,12,13,14,15,18,19,19,20,22,23,23,26,27,27,28,30,36,38,38,39,40,40,42,44,45,46,46,48,49,52,52,54,56,56,57,57,60,60,63,63,66,69,69,73,76,76,77,78,80,80,81,88,88,92,92,96,98,100,104,104,105,108,110,112,112,115,117,118,120,120,121,125,126,126,126,128,130,131,136,141,144,144,144,146,147,147,150,151,154,156,156,156]

    Processo 0 --- Time Elapsed (Sec): 0.121649


c) 2097152 elementos (2**21)
    Processes: 4
    Process 0 --- [1,2,3,4,16,18,24,24,26,30,30,32,33,36,37,38,41,44,48,48,48,52,53,54,56,57,60,60,61,63,64,65,65,66,70,71,72,72,72,74,76,76,78,78,82,84,88,89,90,90,91,93,95,96,96,99,99,102,102,104,105,106,106,107,111,112,112,114,114,120,120,120,122,123,126,127,130,130,132,132,132,136,140,140,142,142,144,148,151,152,152,152,152,154,154,155,156,158,159,163]

    Processo 0 --- Time Elapsed (Sec): 0.249559


d) 500000 elementos
    Processes: 4
    Process 0 --- [0,0,0,0,5,7,7,8,9,10,14,14,15,16,18,20,21,21,23,24,26,27,28,28,32,32,35,36,44,44,46,47,52,56,61,64,69,69,70,78,81,87,88,88,90,91,92,94,95,96,101,104,105,109,110,112,122,122,124,128,130,130,132,132,137,137,138,139,140,141,144,150,154,158,162,162,168,170,172,172,174,176,176,177,180,182,182,183,187,188,189,190,198,202,207,209,211,211,218,218]

    Processo 0 --- Time Elapsed (Sec): 0.057320


e) 1000000 elementos
    Processes: 4
    Process 0 --- [0,0,0,0,11,14,15,16,18,22,28,28,29,30,32,33,36,40,42,44,44,45,48,54,54,55,55,56,56,58,58,60,60,62,64,70,72,80,84,87,88,89,90,90,91,98,98,107,108,110,110,111,112,116,116,120,120,124,124,126,127,132,137,138,138,139,140,144,151,156,156,158,160,161,162,165,165,174,176,178,178,180,180,180,182,183,186,192,196,196,198,198,199,201,203,206,210,214,216,220]

    Processo 0 --- Time Elapsed (Sec): 0.128375


f) 1500000 elementos
    Processes: 4
    Process 0 --- [4,8,12,16,16,19,25,26,31,32,38,40,42,42,47,48,48,50,51,52,53,55,57,57,59,59,62,64,74,75,76,76,77,78,80,84,84,84,86,86,93,94,96,100,100,102,103,103,104,106,106,106,107,110,111,113,114,118,118,118,119,120,124,126,126,126,129,133,133,137,140,141,144,146,148,148,148,149,152,152,153,154,154,154,154,159,159,160,160,165,168,168,168,171,172,172,177,177,178,182]

    Processo 0 --- Time Elapsed (Sec): 0.175589
